291
3192
3792
4980
8961
12024
15565
16546
17105
23181
24426
26702
27793
30664
31499
35175
40619
41509
44015
46160
50353
53942
55896
59172
59297
62870
65654
66835
67100
71259
72033
72334
72963
75060
76364
77264
77601
79797
79909
81889
86509
88193
93914
95008
98289
98552
99961
104636
104846
105058
108756
110165
117830
118828
123846
127348
127583
130935
131284
139018
139843
144114
147598
151225
151467
152607
157485
158386
159588
162131
166759
170692
171380
172581
172714
174349
174366
175534
175660
177793
183722
184042
187072
188559
189303
190426
193442
196263
198520
200089
211840
213133
213387
217778
219678
222696
227744
228624
233729
237331
241128
241522
242006
247543
251884
253589
257088
257243
259323
264672
270581
271911
274455
275849
276891
282287
282763
283078
287429
289938
290011
292151
296024
308744
308862
309099
314704
316719
319744
320195
320515
320609
323719
325397
325788
325789
329172
329645
330763
332431
332638
333298
333301
333643
338048
338222
338928
340196
347092
348593
349324
350435
350466
357175
357818
360009
361684
366477
369558
369659
371842
373008
377309
381093
381510
383959
387648
387955
388322
388917
389929
390353
392260
392465
393203
393263
394403
400358
400842
405936
407463
409824
412414
418852
419703
421600
421901
422654
424339
425488
428390
428464
430118
432514
436571
437368
437492
439169
442874
445320
447956
464980
465356
466447
468562
470989
474728
476807
478468
485064
486708
489879
491832
493923
497101
502854
506188
507536
509589
512782
515076
516108
516992
520952
521163
528118
538554
551660
551957
562504
568686
569165
570546
571571
572399
576038
586532
588531
589102
596574
600380
601544
608423
609094
611356
611519
620503
623535
624057
626844
631574
639852
640697
643154
652394
655615
655680
661380
662524
666847
667716
675755
678793
678957
687221
699149
700455
702393
704392
708928
710239
712234
712726
713137
713178
713584
718642
723974
724278
728571
734369
738306
739334
740578
742117
742938
743809
747063
748296
750908
752782
756134
778328
780395
781435
786837
790574
790821
793249
793619
793938
794172
796630
797391
802233
803786
808968
809491
809930
813495
815284
816929
825634
826481
828747
830538
832617
835102
840581
841083
841430
845703
846037
849290
853751
859813
866777
867330
867563
872178
873086
874619
874747
875671
877976
882919
884826
887798
893449
894021
894672
897971
902699
904158
904276
906773
910065
913695
919264
920497
923269
925586
925692
939922
943737
946822
947311
949748
955469
957571
959144
967210
975427
982847
984439
991964
992086
995936
996125
998828
999034
1001026
1003945
1008606
1009025
1009944
1011225
1027945
1031172
1034310
1052356
1056029
1058185
1063482
1064182
1067017
1069008
1071899
1075326
1075618
1077325
1079960
1081049
1084952
1085646
1088525
1089940
1092807
1093416
1098191
1103338
1109379
1111365
1114455
1120630
1127625
1129833
1131258
1132482
1133911
1135125
1136160
1138351
1140316
1142026
1143852
1157893
1158054
1160042
1162901
1162944
1163075
1166037
1167643
1168360
1173042
1174450
1177823
1180215
1185969
1189840
1190597
1195108
1201910
1204281
1205442
1208778
1209277
1215475
1221048
1225222
1227175
1228122
1232341
1233043
1235442
1236361
1239419
1240191
1240480
1247544
1248563
1253039
1253661
1253712
1255248
1257247
1260330
1262516
1270790
1271767
1272723
1273256
1275420
1276737
1282025
1282332
1282758
1283949
1286685
1286686
1288688
1291095
1292054
1292527
1295573
1296286
1296291
1301446
1303768
1304320
1309298
1310932
1312083
1312345
1315239
1316287
1316954
1325973
1326801
1326935
1329092
1330989
1331546
1331588
1331685
1331827
1333069
1337016
1337623
1338782
1340420
1342975
1343404
1344968
1348426
1349932
1350135
1354742
1355120
1362980
1364604
1365727
1368899
1369936
1376709
1384211
1386727
1395259
1396365
1397256
1397864
1398783
1402020
1407919
1408491
1409976
1412193
1414403
1421139
1422355
1423585
1426816
1431965
1433367
1435399
1438738
1439503
1440464
1445409
1446858
1452378
1454212
1456374
1459211
1463348
1463608
1464459
1465405
1466071
1466152
1471272
1474757
1476595
1477056
1477519
1482725
1484780
1487265
1492172
1493865
1495948
1497993
1503005
1509433
1513924
1516100
1516586
1518707
1519186
1521999
1522152
1525796
1525868
1527851
1532709
1532717
1534819
1534976
1538466
1539808
1540744
1545418
1546712
1546785
1547110
1550369
1551727
1554506
1555781
1558909
1561981
1566074
1568961
1570307
1573222
1576391
1585025
1586231
1587146
1587470
1592197
1599208
1600531
1601077
1601079
1603431
1606446
1610066
1612480
1619562
1619769
1619819
1621005
1626665
1636743
1648325
1649422
1650531
1650996
1655806
1657347
1665084
1665741
1677423
1679660
1681183
1688215
1689066
1693486
1695152
1695203
1697398
1697632
1699491
1703768
1704831
1705397
1705463
1710534
1713803
1715209
1715225
1716510
1716696
1723646
1725065
1726560
1729337
1734894
1735116
1735826
1740405
1744798
1746243
1747462
1748871
1749492
1750744
1752206
1754291
1756310
1757684
1759116
1759779
1760798
1764218
1765209
1766940
1769479
1773819
1775102
1777188
1777193
1779518
1780372
1782289
1782615
1791347
1793102
1793162
1810090
1811147
1815002
1817185
1818289
1819300
1820680
1821011
1822289
1837889
1841450
1843022
1847746
1850234
1850953
1853861
1859609
1871893
1872368
1877421
1878109
1882591
1885310
1885792
1890233
1894905
1897751
1904766
1904793
1905870
1906741
1912259
1918485
1921047
1921417
1923240
1924517
1925308
1928501
1932867
1936046
1941304
1942236
1947795
1954484
1954662
1955521
1962105
1964979
1970477
1972462
1973230
1973460
1976392
1979179
1982416
1984239
1987286
1991663
1991995
1994420
1998414
1998700
1998788
2000488
2003561
2003603
2006128
2007620
2007633
2007891
2012942
2015802
2021733
2026727
2032361
2033026
2035371
2035519
2036119
2037993
2040338
2041366
2041474
2042334
2042424
2048288
2049723
2050525
2055511
2056509
2058978
2060082
2064139
2064709
2065919
2068368
2073969
2078949
2080713
2081904
2091035
2098451
2100807
2101158
2102844
2105773
2112769
2113694
2113905
2115230
2115433
2119267
2120825
2125050
2128712
2131834
2132301
2132779
2133935
2134062
2135316
2135736
2142027
2146701
2148615
2150448
2154290
2164891
2165527
2169033
2170336
2174857
2177588
2180145
2180208
2180388
2180765
2192863
2195381
2206150
2207051
2207372
2208049
2209257
2214631
2216064
2221578
2223830
2224182
2224818
2231483
2232227
2232674
2234504
2240776
2241901
2242045
2243541
2246566
2249191
2249688
2253391
2254105
2260824
2261867
2268574
2269052
2269443
2272007
2273577
2279913
2284126
2285770
2287338
2289092
2293380
2293714
2295613
2296492
2297123
2303812
2304929
2306569
2309619
2311136
2314542
2318899
2320427
2321500
2321764
2324243
2326909
2329658
2330216
2337740
2338444
2346235
2348650
2357871
2362700
2363515
2366036
2368075
2372976
2378057
2378973
2381140
2382397
2383223
2391274
2392762
2394879
2397386
2401207
2407251
2410889
2414893
2418930
2419187
2420194
2422279
2427973
2435362
2436624
2438758
2438998
2441573
2442388
2446812
2448515
2450196
2451505
2451559
2452986
2454928
2462399
2463338
2466953
2468657
2470896
2478037
2480413
2482184
2483155
2484160
2484198
2489570
2495635
2497025
2500495
2502929
2505618
2507517
2508232
2513643
2514008
2517989
2520523
2521346
2524255
2528566
2531708
2531841
2532877
2533558
2534484
2536698
2537333
2537928
2539948
2539978
2550144
2553111
2555493
2558846
2560292
2560832
2563926
2566514
2568766
2570659
2575336
2576300
2587071
2588681
2588856
2589791
2595411
2597142
2599210
2599323
2602191
2605188
2606978
2619239
2619699
2622720
2623808
2624847
2629250
2630966
2634934
2635107
2636881
2638267
2641335
2642250
2650852
2652742
2658399
2659422
2660243
2661693
2662822
2667636
2668571
2670498
2672257
2673165
2676018
2680659
2682474
2684987
2689721
2690107
2690610
2693273
2695034
2700838
2706129
2706524
2710237
2711271
2715341
2718978
2721024
2721733
2721848
2722434
2723100
2725248
2726826
2729300
2730119
2734372
2735267
2736247
2743442
2745716
2749004
2752999
2754122
2754414
2758186
2759647
2760090
2761427
2761439
2762574
2763924
2767448
2767826
2770077
2771343
2772532
2774657
2778432
2778755
2781193
2788759
2789647
2793471
2796013
2798929
2801621
2813478
2813897
2822098
2822874
2824548
2824679
2826725
2831403
2833031
2833451
2833509
2833959
2835983
2838521
2839398
2842903
2845333
2845449
2849958
2851390
2853270
2864573
2867764
2868266
2870926
2873274
2879920
2881100
2881994
2883958
2884452
2889851
2892743
2893872
2894180
2900906
2904103
2905438
2905938
2906362
2906420
2907080
2907482
2911056
2914276
2918120
2918663
2920146
2922512
2924955
2934731
2936903
2950751
2951105
2952105
2953164
2953630
2953854
2955741
2955988
2956197
2962522
2962815
2963176
2963916
2969850
2974533
2974901
2978158
2986033
2987597
2987744
2988852
2994497
2996253
2997361
2997486
3006621
3009623
3016950
3018453
3018488
3020465
3021466
3023099
3025941
3030749
3037341
3038988
3041800
3042227
3043608
3046819
3046860
3048035
3050536
3050915
3056165
3056224
3057279
3057368
3057651
3061244
3062797
3069461
3069560
3076760
3086915
3089125
3090885
3094664
3098759
3098994
3101557
3103940
3109040
3114399
3116792
3117877
3123387
3133390
3141215
3142332
3153783
3154201
3154275
3156404
3158549
3158849
3159708
3161182
3162757
3166296
3168939
3171516
3185864
3185908
3188076
3192173
3193290
3204351
3210771
3210898
3211373
3212899
3216282
3221158
3224108
3224505
3224814
3227072
3228824
3228834
3232376
3234012
3234284
3235189
3237649
3239041
3240765
3241380
3245463
3246161
3246794
3251093
3253618
3262042
3263934
3264069
3270543
3272390
3275909
3276213
3279817
3281941
3282245
3282921
3296743
3297725
3298182
3301686
3302396
3303588
3305688
3306832
3307943
3309573
3313177
3313626
3327789
3330021
3330912
3333020
3333520
3338084
3339745
3340306
3343107
3343700
3345137
3347119
3352543
3353128
3357532
3359149
3361069
3368437
3370398
3371372
3373765
3375008
3375637
3375685
3376556
3378575
3378857
3379863
3380437
3385413
3385580
3389042
3389430
3393163
3394014
3399193
3400918
3404048
3405757
3407281
3413756
3417685
3418592
3423834
3424841
3425434
3427381
3433298
3436492
3444456
3447630
3449136
3451905
3452097
3455802
3460878
3464339
3467224
3469911
3472549
3479123
3480756
3482348
3487179
3488253
3493319
3493436
3494240
3495398
3498085
3498526
3499523
3500223
3500767
3503350
3505195
3505337
3509495
3511043
3512016
3512313
3512811
3529118
3532802
3542393
3542458
3544701
3545852
3546586
3546626
3552722
3553202
3555357
3557739
3562043
3562709
3565059
3565548
3566241
3567846
3569330
3572121
3572694
3574569
3575779
3576020
3577354
3577747
3580997
3582714
3583436
3587348
3587652
3593571
3596868
3603679
3605119
3606237
3612409
3614501
3621793
3625888
3626332
3629970
3632526
3636054
3637797
3648981
3649618
3652627
3663117
3665747
3666713
3670250
3674543
3675619
3676076
3681532
3682686
3684201
3690081
3690928
3695086
3695916
3704908
3705542
3705560
3712787
3714132
3714355
3714783
3718462
3720208
3726136
3727365
3728579
3730568
3734208
3738304
3741130
3746698
3749233
3751435
3760866
3762438
3769047
3775292
3776124
3777353
3781753
3782433
3789197
3789291
3790062
3792882
3797625
3799791
3802633
3804685
3808995
3815883
3816282
3818186
3818512
3821328
3823480
3823776
3825575
3826363
3827432
3828050
3829619
3829692
3834287
3838342
3841166
3843538
3848662
3849167
3849711
3851474
3858641
3865522
3866134
3872187
3872941
3883973
3892751
3897771
3899646
3899992
3910902
3912850
3914938
3916026
3919949
3920055
3927181
3932056
3942915
3950935
3955539
3957555
3962320
3962512
3966668
3967726
3969013
3971067
3975876
3976008
3977014
3978616
3978708
3980287
3982521
3982990
3990333
3995046
3995218
3998530
4001406
4001416
4003868
4006694
4007964
4008401
4017472
4021343
4024346
4025192
4025636
4026687
4027314
4028443
4030402
4032519
4033215
4038600
4040113
4042428
4043524
4052634
4052791
4057878
4058645
4063119
4065305
4071477
4072502
4072948
4073853
4076295
4080329
4080776
4082166
4085857
4086277
4088372
4093163
4098928
4102922
4103024
4106224
4107187
4111672
4115808
4118887
4121018
4121471
4130590
4132770
4134192
4134761
4136537
4136610
4136846
4137310
4138642
4140383
4143678
4149400
4150355
4154134
4154692
4158674
4159219
4159767
4173542
4173853
4174095
4177024
4179489
4180014
4187408
4193748
4195274
4195318
4196085
4199250
4201097
4208293
4211702
4214105
4218534
4221074
4225639
4230094
4231060
4234616
4235278
4236061
4238395
4240011
4246575
4249537
4249560
4251069
4260845
4260869
4263905
4271889
4274083
4277223
4281212
4284076
4284131
4284894
4292123
4292330
4294222
4298725
4299958
4307403
4308555
4309051
4309180
4313620
4319445
4319486
4324560
4329438
4331144
4336951
4340530
4342796
4350831
4351695
4357984
4358927
4362601
4363778
4369506
4372653
4376717
4376726
4382427
4385821
4386273
4389204
4390347
4390666
4393315
4395043
4401840
4403049
4405202
4406798
4407792
4411651
4413715
4419045
4422049
4422604
4423014
4424548
4428305
4429783
4431334
4431516
4431714
4431774
4439465
4442988
4443361
4447631
4451392
4451941
4458179
4462181
4466078
4470056
4470977
4473620
4481127
4481446
4482785
4483029
4486234
4489347
4490066
4491263
4493208
4496975
4499827
4505944
4507204
4512542
4515684
4516275
4521063
4524863
4525425
4537899
4538268
4540922
4553767
4557949
4560989
4565165
4566282
4568010
4570019
4571628
4573970
4575188
4575879
4582540
4586917
4588630
4589599
4590509
4591381
4595227
4598791
4599490
4604170
4605984
4608383
4611660
4618107
4619341
4627145
4631249
4633611
4634650
4644525
4649870
4654099
4658016
4661372
4667671
4669982
4670243
4674839
4677906
4678651
4680930
4681901
4686400
4686690
4690885
4692312
4695295
4696181
4696546
4699019
4701076
4701605
4704999
4705122
4711126
4715173
4720651
4721221
4724563
4724992
4727549
4730842
4734495
4735289
4743484
4749638
4749846
4754866
4755088
4758754
4761137
4764901
4766340
4768078
4770800
4771913
4775112
4780443
4780738
4782738
4785619
4786444
4786709
4802626
4803534
4813777
4814052
4816754
4818049
4819458
4819871
4820359
4822104
4825936
4826929
4830789
4834184
4836567
4842735
4858154
4864865
4868480
4868899
4870379
4875823
4875939
4895193
4895309
4898956
4900859
4901599
4902016
4905904
4913172
4924094
4929355
4938314
4939732
4942059
4942211
4942812
4944542
4950410
4964503
4973082
4974220
4978370
4979566
4980985
4984230
4989171
4989822
4997895
5000334
5005344
5005507
5017341
5018540
5019427
5021417
5027208
5031421
5036540
5038386
5039999
5046287
5049389
5053231
5062729
5068442
5070118
5073204
5075398
5078492
5079173
5080748
5081183
5084863
5085817
5086692
5088622
5089987
5093250
5096197
5101362
5103044
5104700
5112732
5114173
5115722
5118419
5123137
5124605
5125263
5131715
5136160
5137277
5138580
5139476
5144984
5148878
5152452
5156939
5159239
5159603
5160506
5166539
5178439
5178879
5181551
5182734
5183611
5186445
5188052
5189471
5191823
5193025
5194391
5194518
5194675
5197185
5197308
5202058
5203384
5203662
5204251
5205780
5207174
5208699
5211198
5212096
5212985
5214354
5216017
5220704
5221998
5225769
5228802
5229935
5230226
5232721
5233635
5233844
5234482
5237815
5239548
5243108
5253547
5255207
5256712
5263988
5263992
5266690
5270294
5272385
5273810
5276338
5282641
5282741
5284886
5286825
5288138
5288291
5289569
5290097
5290478
5292827
5296572
5299230
5303220
5303711
5305185
5305969
5308042
5314732
5315234
5315273
5316471
5317994
5319474
5321600
5321819
5323247
5323800
5331252
5331607
5334574
5346621
5347485
5350418
5359871
5360952
5362789
5367241
5367432
5368143
5371070
5379903
5380456
5381542
5383763
5384443
5385557
5389248
5391015
5393137
5393287
5396530
5399306
5405066
5408776
5409287
5410713
5410829
5418130
5418944
5419848
5423439
5427076
5429116
5430001
5430095
5430489
5430642
5444679
5447562
5448005
5448499
5452406
5455339
5459996
5468540
5469246
5473119
5479710
5484122
5485515
5485784
5499859
5500641
5502352
5502977
5503309
5508832
5516028
5524398
5525055
5525056
5528894
5529499
5532069
5535964
5536914
5540420
5548511
5551141
5551990
5557161
5561532
5569201
5570785
5572072
5572312
5573373
5573814
5574783
5577278
5580193
5581248
5581619
5586829
5591611
5600278
5603397
5605052
5605953
5608948
5610188
5612579
5613138
5617943
5618390
5620107
5621055
5621891
5626581
5628849
5632619
5636139
5637462
5637717
5639704
5648077
5651274
5651969
5652370
5654308
5655924
5669106
5671071
5673498
5674027
5678919
5680374
5680985
5683673
5685831
5693632
5702451
5707803
5707944
5714255
5716277
5718974
5719568
5729956
5731126
5731197
5731627
5733702
5735946
5742387
5748477
5749716
5755508
5757216
5769555
5776489
5780588
5783460
5785665
5785961
5789186
5790363
5793720
5794316
5802368
5805003
5806334
5808112
5808213
5808762
5811118
5814921
5818889
5819306
5822814
5826462
5827289
5829931
5837549
5839766
5840873
5848256
5849395
5853048
5853412
5855755
5858894
5863640
5863737
5863928
5864970
5865505
5868162
5876423
5878207
5880152
5880973
5881538
5889964
5890781
5891117
5896564
5896703
5905689
5911421
5913848
5914585
5917175
5918434
5927570
5928313
5928809
5930216
5932583
5933390
5937066
5939909
5952302
5953012
5956436
5956855
5960597
5966314
5968276
5978608
5979400
5985137
5986159
5986977
6006446
6007893
6011364
6013585
6016923
6018055
6020782
6024116
6029527
6035301
6035913
6036737
6040129
6045600
6054815
6056986
6057361
6059010
6062477
6064152
6065919
6067362
6073883
6075135
6075242
6076414
6079070
6081082
6082763
6091700
6092838
6094222
6098888
6099356
6104764
6106348
6110665
6111465
6115259
6115542
6119020
6128800
6133139
6139125
6139562
6144053
6144433
6148318
6148754
6151832
6153232
6156256
6156924
6166594
6169965
6172221
6172832
6175645
6177623
6183850
6187447
6197119
6197209
6198700
6204658
6207065
6215303
6215529
6215957
6216786
6220320
6225311
6226211
6228539
6228633
6229086
6232412
6234044
6234572
6238770
6253678
6253703
6255638
6255812
6256922
6258559
6260929
6263166
6265794
6273933
6274903
6275574
6275885
6277213
6286627
6288059
6301938
6302225
6302543
6304223
6306957
6313258
6316409
6316721
6316904
6317442
6321004
6322027
6326348
6327501
6328367
6331279
6331354
6331397
6337025
6337896
6339296
6339849
6343903
6344331
6348541
6349575
6349827
6354874
6357527
6358115
6364573
6365231
6366837
6367363
6369321
6370916
6370955
6379478
6387098
6390778
6391048
6393992
6405019
6406991
6407544
6412198
6415590
6417829
6418530
6419596
6422717
6424457
6425713
6436331
6437652
6439933
6440590
6441928
6449565
6450243
6451148
6456103
6456552
6462169
6468507
6478006
6478795
6479557
6479613
6481529
6481979
6483783
6489820
6492922
6494725
6496043
6498310
6502582
6504003
6504578
6508060
6508938
6510119
6510172
6512440
6513417
6515160
6522643
6524844
6528442
6536609
6538760
6539747
6540889
6541639
6543858
6546136
6546943
6548574
6558985
6560006
6562443
6564020
6566157
6567411
6569480
6572423
6574973
6575872
6584874
6585768
6586745
6586974
6587163
6591067
6593001
6594466
6595129
6598676
6601933
6603963
6608034
6608970
6611420
6611630
6611760
6615875
6617307
6617763
6618860
6626176
6626668
6632263
6632481
6633532
6634309
6635800
6636445
6637593
6638994
6640701
6644101
6645083
6645098
6646261
6648666
6652108
6652905
6654965
6655314
6662523
6663633
6668271
6669362
6673127
6676742
6680061
6682035
6682578
6684814
6688932
6691445
6692024
6692155
6693550
6696792
6698164
6702962
6703432
6706486
6708908
6709190
6712228
6713419
6716811
6717294
6723306
6724279
6724747
6728517
6731712
6735457
6739342
6746849
6748968
6751778
6752678
6755784
6756024
6759951
6760007
6760231
6763161
6767561
6773430
6774700
6775192
6775919
6783983
6789453
6791824
6794836
6797374
6803788
6806786
6808831
6810493
6810495
6813221
6813531
6816311
6822815
6823668
6825000
6828348
6828458
6828958
6830840
6831214
6835991
6836108
6852824
6854362
6858719
6859370
6861733
6864551
6869053
6874508
6875424
6878271
6884055
6891215
6891919
6892732
6893233
6899830
6900389
6902420
6910038
6913846
6914569
6916910
6923941
6928516
6929642
6932889
6933432
6938890
6940458
6940610
6941586
6941911
6944037
6947399
6949747
6951149
6954111
6955519
6957534
6965011
6966302
6966311
6971114
6976064
6978771
6984032
6985851
6985890
6986572
6989337
6993388
6994063
6996866
6997621
7002085
7014930
7018304
7019255
7020634
7024888
7026973
7030106
7031094
7037712
7038178
7045630
7047042
7047442
7054276
7055486
7057445
7065349
7066082
7067689
7070192
7073661
7077971
7081015
7081085
7081220
7082801
7085070
7086607
7090048
7090240
7092899
7099742
7099858
7101239
7102218
7104676
7105366
7105717
7107798
7115750
7118460
7118718
7127989
7132991
7133839
7134233
7134266
7137705
7138019
7139797
7141541
7142467
7146989
7153500
7157628
7167443
7168997
7170580
7177035
7177564
7180133
7181991
7185318
7188517
7207938
7211446
7216470
7225525
7227541
7231258
7236061
7236518
7240735
7241742
7243747
7250118
7253240
7255298
7257601
7258897
7260901
7263109
7267420
7274378
7277224
7278159
7283049
7283901
7284161
7287976
7289994
7293587
7296889
7297473
7299906
7301067
7304817
7305020
7305046
7307760
7308210
7311017
7317870
7318376
7319154
7320021
7320312
7320340
7320901
7322999
7325018
7330087
7334168
7338652
7339541
7339569
7340304
7344921
7351945
7353159
7353718
7358906
7361758
7362540
7366436
7366449
7367416
7368629
7372452
7376375
7381681
7385979
7398084
7398557
7398771
7400204
7402502
7403279
7406255
7409169
7410381
7414523
7415141
7416547
7419486
7420022
7420522
7424071
7424759
7431436
7433390
7435794
7439821
7440327
7440914
7442185
7444330
7445009
7446575
7446617
7449281
7451364
7453847
7454774
7456316
7458876
7460365
7462772
7464533
7466971
7468267
7468457
7479824
7480739
7480753
7480823
7481544
7482470
7492220
7493331
7505257
7508278
7510469
7518580
7521088
7524073
7526795
7527560
7528662
7529328
7530482
7530756
7531406
7536890
7539948
7544274
7545350
7545575
7548791
7549016
7550054
7552399
7558831
7561691
7570714
7572261
7576215
7578247
7584298
7584950
7585969
7586285
7588719
7592038
7595091
7599977
7602914
7607631
7607864
7612036
7615062
7626057
7635038
7639433
7640160
7652541
7655186
7655206
7662361
7665651
7665976
7666696
7666996
7668375
7670266
7671223
7673767
7675736
7675902
7679034
7680184
7683707
7684266
7684853
7685902
7688775
7688835
7690602
7691201
7692276
7694791
7695136
7697418
7698842
7703586
7703972
7708953
7714161
7714542
7716943
7724847
7730125
7742984
7756527
7756623
7758025
7758153
7759010
7761401
7766103
7769013
7769546
7772818
7773220
7774889
7775925
7776737
7779954
7780588
7782272
7785420
7789234
7793794
7793939
7794759
7801611
7805232
7808802
7809200
7810223
7816467
7817252
7820304
7821353
7822951
7823932
7823991
7825361
7825376
7825810
7828953
7835192
7837789
7840846
7841468
7843245
7844110
7846024
7851927
7853867
7858971
7863461
7866334
7867369
7867614
7868281
7868362
7872468
7872800
7874534
7874925
7877537
7879756
7879854
7881677
7882553
7882762
7886083
7889233
7889258
7892371
7894340
7896103
7900393
7902205
7906988
7909521
7915169
7917650
7918819
7925194
7927094
7933547
7934869
7936321
7939987
7943926
7949741
7952130
7952886
7954280
7958385
7959327
7969098
7970056
7974729
7987571
7988735
7990645
7995428
7996369
8002946
8004274
8006066
8007084
8008109
8010823
8013335
8014920
8016184
8016805
8017375
8019620
8020227
8024989
8027810
8027989
8029605
8030875
8032258
8033406
8035449
8035868
8040440
8043775
8055910
8058101
8058423
8067592
8068422
8071983
8072981
8075282
8081381
8084063
8084505
8086347
8086541
8088481
8097660
8099066
8102987
8104843
8105374
8109143
8109340
8116022
8119091
8120850
8121750
8123012
8124456
8125036
8130355
8130874
8132677
8133157
8134668
8135196
8142770
8143771
8148250
8150169
8150331
8153843
8155895
8161325
8163948
8166042
8167931
8170390
8172877
8174592
8175050
8176858
8184499
8185214
8187324
8188907
8192637
8192940
8196740
8199139
8201359
8205049
8206560
8207388
8211626
8218892
8219034
8220631
8220871
8222265
8225572
8226394
8227360
8227772
8233739
8240593
8244914
8253976
8259367
8260304
8262355
8264458
8270030
8270177
8272944
8273516
8274443
8275457
8275607
8278888
8283574
8284390
8286043
8287560
8288107
8289932
8292004
8293732
8293915
8294209
8296180
8298992
8299010
8302935
8305212
8316416
8317936
8318533
8325607
8332835
8333212
8334576
8336056
8337280
8337679
8337740
8338414
8338428
8338823
8341485
8343832
8348076
8353670
8355550
8357396
8357609
8362384
8365478
8366183
8367352
8367941
8369532
8377122
8383420
8385889
8386514
8390815
8395249
8396684
8400393
8401496
8404810
8406403
8411118
8414927
8418443
8418503
8420406
8421442
8421809
8428831
8435004
8435195
8438540
8442998
8443400
8443901
8445447
8451076
8455921
8459354
8462212
8463723
8468725
8468779
8468808
8469314
8475184
8478663
8480493
8481705
8483927
8496382
8498313
8500302
8500822
8501925
8509735
8510269
8510828
8514011
8518991
8521274
8523769
8525353
8526540
8526964
8528836
8538186
8539918
8543843
8544616
8551644
8557702
8560782
8561128
8565115
8570377
8571708
8572716
8575883
8581443
8583177
8584815
8584863
8587578
8588451
8589034
8595837
8597802
8602388
8611566
8614829
8615244
8615669
8616872
8618279
8618602
8620787
8626061
8629476
8633763
8634125
8637112
8638549
8639135
8640999
8642246
8643976
8644584
8645500
8645821
8645851
8646037
8651845
8653348
8653672
8657378
8661903
8662341
8663781
8670852
8671415
8671620
8676317
8688838
8691880
8692623
8693222
8696512
8709647
8709923
8713216
8713364
8715399
8718550
8722071
8723741
8740708
8742483
8743715
8753064
8762971
8764127
8765609
8766004
8772234
8774017
8778220
8779799
8780674
8783887
8788413
8788555
8789477
8796348
8801484
8803126
8810246
8814539
8816438
8821092
8823252
8825775
8828937
8836571
8839143
8843725
8844455
8844671
8845995
8858081
8860695
8864671
8865388
8870344
8871670
8872804
8877710
8879281
8887652
8887997
8889840
8891155
8895493
8899843
8900374
8902148
8902375
8902427
8909723
8917032
8922313
8922857
8923499
8925827
8927175
8930480
8936694
8937898
8939513
8942455
8944882
8947123
8949784
8957440
8958456
8959759
8966102
8967107
8976436
8982282
8982303
8982500
8982727
8987281
8987618
8989299
8998534
9001907
9002355
9006065
9010085
9013016
9019375
9026068
9028484
9029777
9031312
9032888
9036581
9036914
9036948
9037258
9039712
9039775
9045384
9050694
9050847
9053347
9058272
9060197
9061403
9065530
9066547
9068364
9068432
9070799
9073665
9075906
9077864
9083069
9085106
9086035
9092463
9103212
9104305
9104807
9105726
9106241
9107083
9107102
9107814
9107842
9108871
9108881
9112328
9113167
9114280
9124634
9125225
9136884
9147611
9149149
9155354
9158321
9167876
9168752
9172865
9173761
9176633
9180245
9184244
9189805
9190476
9191939
9192948
9198978
9202744
9205987
9209022
9210996
9211279
9216479
9227292
9238210
9239909
9240253
9241223
9249596
9260283
9262776
9263746
9267348
9269344
9271258
9274318
9276485
9279663
9282289
9284916
9287904
9295314
9297898
9300030
9300129
9302768
9304299
9307783
9310385
9312632
9318514
9322560
9330822
9332830
9333128
9343865
9345923
9348492
9349266
9350783
9353171
9354154
9354601
9355383
9355483
9356963
9361229
9361480
9364723
9365701
9374259
9374440
9375413
9378495
9378636
9380820
9388692
9396049
9396542
9403990
9407320
9408883
9409629
9410526
9411062
9415255
9415431
9415827
9417400
9418475
9418903
9423052
9424826
9435002
9439545
9440233
9442045
9444388
9446726
9448333
9448961
9449757
9453252
9458059
9463011
9464697
9468070
9471026
9475721
9477793
9479043
9480046
9491814
9498573
9513957
9520416
9521539
9522443
9527545
9529359
9532232
9537564
9542281
9543109
9547404
9547725
9548514
9549567
9552795
9565242
9566051
9568286
9571939
9571958
9574928
9575533
9576068
9581173
9585061
9585909
9586575
9592775
9595143
9603408
9608256
9608577
9610614
9618739
9639829
9640014
9641754
9643485
9644835
9651166
9652634
9653584
9662220
9663081
9666242
9667219
9676065
9677766
9683981
9687307
9689489
9690047
9694655
9696760
9698248
9705020
9712884
9720373
9720957
9725965
9732102
9732462
9746576
9748666
9749101
9749649
9750933
9751768
9763837
9764701
9767665
9774400
9774693
9777633
9782906
9784689
9786011
9791165
9792553
9795200
9797954
9798766
9798975
9802740
9807383
9808194
9815081
9815496
9821979
9831022
9834215
9838612
9841611
9843365
9845169
9845998
9846499
9852403
9852409
9855927
9856089
9859923
9861235
9866645
9868174
9870422
9874497
9881704
9893287
9893867
9899194
9901933
9903894
9904008
9909717
9911850
9914749
9926654
9929604
9930641
9933170
9934796
9935460
9940384
9950481
9955588
9958231
9959080
9962499
9962584
9966102
9967864
9980951
9983427
9983500
9995031
