0 32.38036586835437
1 27.01246351143691
2 32.1398398293077
3 26.380422220221927
4 30.34669671966743
5 31.091497769731518
6 30.62273248480828
7 29.689342131151708
8 32.28925346764916
9 26.640017744593976
10 32.68604187598581
11 26.726390593684975
12 31.32525844776259
13 31.6023581935213
14 30.757042549501612
15 30.53099762733885
16 33.86323719667696
17 28.234075819448606
18 34.57100925970888
19 28.90446720187195
20 34.6236732102584
21 34.54867544039242
22 34.46534454256643
23 35.429794550287006
24 33.25390244084294
25 27.6842899635635
26 32.95510307302435
27 27.33965855782364
28 31.540789460400966
29 32.29672224915404
30 32.34984615890576
31 32.96278267414608
32 32.958967552247906
33 27.357815911583224
34 32.891713242971505
35 27.01656596408485
36 30.88141564971118
37 32.124179285475336
38 31.91769697948262
39 31.878890968490307
40 31.9170420539208
41 25.90524570282116
42 31.664576503229462
43 26.226928679045315
44 30.578656797374368
45 31.564156155719473
46 33.05919636230219
47 30.101100344220708
48 32.294306446157805
49 27.23764145905434
50 32.037094884734415
51 26.689341740824595
52 30.56323762479911
53 30.801642202088804
54 29.849648884399734
55 29.70387802550532
56 35.35916605709434
57 29.396093158605122
58 34.74617086545319
59 29.206803266651058
60 34.702547734909615
61 35.18685339605047
62 35.00482447829099
63 35.057555587108496
