#ch a b
0 1353.28 -70058.9 
1 656.401 -33564.2 
2 193.592 -9225.13 
3 1813.66 -94344.6 
4 318.61 -15780.1 
5 617.91 -31498.4 
6 1689.69 -87719.5 
7 1310.17 -67749.4 
8 2036.3 -105826 
9 1353.83 -70044.4 
10 1426.12 -73858.9 
11 668.709 -34176.6 
12 1283.13 -66434.2 
13 1669.09 -86661 
14 907.409 -46730.7 
15 1517.58 -78629.4 
16 2145.42 -111498 
17 2620.51 -136422 
18 2709.14 -141081 
19 3101.91 -161629 
20 2246.92 -116832 
21 1958.67 -101780 
22 2324.96 -120937 
23 2582.38 -134437 
24 1992.04 -103626 
25 1642.12 -85160 
26 1318.95 -68397.7 
27 1836.03 -95329 
28 1203.86 -62301.1 
29 1850.56 -96134 
30 2698.59 -140662 
31 2278.65 -118771 
32 2605.43 -135804 
33 2834.99 -147881 
34 2682.49 -139637 
35 1214.05 -62816.5 
36 1355.55 -70164.6 
37 863.981 -44381 
38 2464.8 -128401 
39 2036.02 -106018 
40 2008.74 -104472 
41 1812.21 -94376.4 
42 2529.22 -131677 
43 1947.41 -101186 
44 1665.24 -86405.3 
45 1955.33 -101713 
46 1772.48 -92077.8 
47 1655.69 -86058.9 
48 1743.44 -90466.7 
49 1185.56 -61349.9 
50 1876.56 -97504.9 
51 390.542 -19594.1 
52 1700.18 -88334.8 
53 1558.68 -80860 
54 1086.59 -56096.2 
55 2678.17 -139520 
56 1248.01 -64507.1 
57 730.477 -37428.8 
58 887.235 -45670.4 
59 835.413 -42991.9 
60 1989.32 -103320 
61 678.751 -34665.4 
62 902.337 -46385 
63 1235.26 -63838.5 
