0 -0.021909473811629793 10.058855373050399
1 -0.021406427047585615 9.93577829132921
2 -0.022047506477224678 10.134161434819724
3 -0.021084658822198267 9.860494112698522
4 -0.0218030081156761 10.055450612081332
5 -0.021850575428506568 10.043549242006147
6 -0.0208975988035155 9.820564131569698
7 -0.022427679249890694 10.206693840243531
8 -0.021382926810978333 9.981154853493226
9 -0.020816929330960507 9.79752272660833
10 -0.02113130000994287 9.899169224639152
11 -0.02099851705592202 9.8794308352987
12 -0.021525078369435215 10.0373191224145
13 -0.020839776126014207 9.791896726647604
14 -0.020393860667184613 9.669394448630529
15 -0.020167013069276374 9.633531383584089
16 -0.020011686778915294 9.568917902379694
17 -0.02071918237690558 9.830706866335785
18 -0.02009269048556443 9.60966642899508
19 -0.020667650048146382 9.779231221930008
20 -0.021571158442759676 9.976314264202967
21 -0.02079796309805509 9.795057288079057
22 -0.020249905527181644 9.661190329189813
23 -0.02120333805748834 9.899568863710348
24 -0.021125344613416537 9.870161308705647
25 -0.021736881093330496 10.07710013281322
26 -0.02210215785628432 10.169655739268023
27 -0.02139855140835159 9.910688498890867
28 -0.021287675526649674 9.935577635754978
29 -0.02183569731293012 10.082123765873584
30 -0.021456268160470353 10.000117399046973
31 -0.02152008774526035 9.989490348120222
32 -0.02383740212699309 10.46047103251207
33 2.638095647064249e-06 -0.000781282833052407
34 -0.023971924249455774 10.415306514406359
35 -0.02364774266015689 10.401917899922354
36 -0.023143279512488422 10.256170601512252
37 -0.022690550042686747 10.17218419852901
38 -0.023988291750796933 10.522776622137645
39 -0.02385330942848483 10.452209003671328
40 -0.023544190606863722 10.371008625770944
41 -0.023513498947861672 10.339577498190595
42 -0.02284185525603092 10.164334166207176
43 -0.023876462547281253 10.454604480249664
44 -0.024282764346517542 10.483194354447045
45 -0.023822758047949342 10.463287837338997
46 -0.02354663832489832 10.373035301451296
47 -0.024386195445386255 10.633045773702676
48 -0.023103346645604605 10.214395505320226
49 -0.024813044474074605 10.671779527901345
50 -0.024593751163045352 10.648217466102269
51 -0.025144623609939354 10.700625258659898
52 -0.02414842115096549 10.572300946022798
53 -0.024949877614469235 10.725278979565182
54 -0.025028947481604523 10.854381294222105
55 -0.025146828702992792 10.827183011884028
56 -0.025277942629132313 10.820350135201444
57 -0.023104055194870087 10.297901891053302
58 -0.023707504186837425 10.448453849803961
59 -0.024412101887481476 10.59697506210202
60 -0.024756801362714406 10.742460314052666
61 -0.025159909677526064 10.808462913591676
62 -0.02445628891679092 10.654837686183898
63 -0.0248070704684413 10.749673345663496
